9100000000000000001
9100000000000000001
9100000000000000001911111111111
9100000000000000001910000000001
9100000000000000001910000000001
9100000000000000001910000000001
9100000000000000001910000000001
9100000000000000001910000000001
9100000000000000001910000000001
9100000000000000001910000000001
9100000000000000001910000000001
9100000000000000001911111111111
9100000000000000001
9100000000000000001
9100000000000000001
9100000000000000001911111111111
9100000000000000001910000000001
9100000000000000001910000000001
9100000000000000001910000000001
9100000000000000001910000000001
9100000000000000001910000000001
9100000000000000001910000000001
9100000000000000001911111111111
9100000000000000001
9100000000000000001911111111111
9100000000000000001910000000001
9100000000000000001910000000001
9100000000000000001910000000001
9100000000000000001910000000001
9100000000000000001910000000001
9100000000000000001910000000001
9100000000000000001911111111111
9111111111111111111999999999999